<function dump_player at 0x037E12B8>
[100, 0]
[69, 31]
[0, 100]
[15, 85]
[100, 0]
[87, 13]
[11, 89]
[12, 88]
[17, 83]
[97, 3]
[100, 0]

<function evil_player at 0x037E1390>
[100, 0]
[100, 0]
[47, 53]
[100, 0]
[100, 0]
[95, 5]
[100, 0]
[13, 87]
[4, 96]
[100, 0]
[100, 0]

<function forward_player at 0x037E13D8>
[100, 0]
[100, 0]
[0, 100]
[0, 100]
[99, 1]
[99, 1]
[100, 0]
[7, 93]
[9, 91]
[100, 0]
[100, 0]

<function mirror_player at 0x037E1420>
[16, 84]
[0, 100]
[0, 100]
[0, 100]
[59, 41]
[41, 59]
[0, 100]
[1, 99]
[4, 96]
[0, 100]
[16, 84]

<function team_player at 0x037E1468>
[81, 19]
[6, 94]
[3, 97]
[0, 100]
[74, 26]
[57, 43]
[13, 87]
[9, 91]
[4, 96]
[39, 61]
[84, 16]

<function killer_player at 0x037E14F8>
[100, 0]
[100, 0]
[0, 100]
[100, 0]
[100, 0]
[74, 26]
[100, 0]
[1, 99]
[1, 99]
[100, 0]
[100, 0]

<function zigzag_player at 0x037E1540>
[100, 0]
[94, 6]
[84, 16]
[99, 1]
[96, 4]
[94, 6]
[100, 0]
[58, 42]
[5, 95]
[97, 3]
[100, 0]

<function dodge_player at 0x037E1588>
[99, 1]
[85, 15]
[95, 5]
[100, 0]
[96, 4]
[98, 2]
[99, 1]
[97, 3]
[39, 61]
[95, 5]
[100, 0]

<function conn_player at 0x037E1618>
[94, 6]
[0, 100]
[0, 100]
[0, 100]
[100, 0]
[53, 47]
[7, 93]
[5, 95]
[5, 95]
[58, 42]
[94, 6]

<function sup_player at 0x037E1660>
[48, 52]
[0, 100]
[0, 100]
[0, 100]
[85, 15]
[20, 80]
[0, 100]
[0, 100]
[0, 100]
[6, 94]
[44, 56]